r20: 503.78941679000854s
r40: 244.09160733222961s
r60: 191.00576448440552s
r80: 145.61772418022156s
r100: 119s