t40: 200.05413436889648
t50: 240.05413436889218
t60: 250.23661208152772
t70: 265.05413536289649
t80: 270.61205365365362
t90: 304.53621321312212
Full: 110.1231245213222